00000000000000110000010001010000
00000000000000000000000000011001
00000000000000000000000000001111
00000000000000000000000000000000
00000000000000010000000001001111
11111111111111111111111111111111
00000000000000000000000001001111
00000000000000000000000000000000
00000000000000010000000001011111
11111111111111111111111111111111
00000000000000000000000001011111
00000000000000000000000000000000
00000000000000010000000001101111
11111111111111111111111111111111
00000000000000000000000001101111
00000000000000000000000000000000
00000000000000010000000011001111
11111111111111111111111111111111
00000000000000000000000011001111
00000000000000000000000000000000
00000000000000010000000001001111
00000000000000000000000010000000
00000000000000010000000001011111
00000000000000000000000000010000
00000000000000010000000001101111
00000000000000000000000000100000
00000000000000010000000011001111
00000001000000000000000010000000
00000000000000010000000111000001
01000001000000000000000000000000
00000000000000010000000000010001
00000110000000000000000000000000
